100094194
100080133
100080136
100080139
100107541
100112737
100112734
100112731
100106764
100106767
100106761
100095025
100070962
100070965
100095022
100091074
100045039
100094377
100090300
100094374
100094371
100037887
100037884
100071211
100071214
100085500
100050679
100050673
100050670
100050676
100089832
100042228
100074937
100045252
100103164
100118293
100049014
100096132
100049011
100046692
100070122
100113211
100084909
100113064
100113067
100117765
100116208
100084903
100118296
100114231
100119601
100047070
100042591
100047073
100047079
100093351
100093354
100093357
100118299
100088968
100088962
100112614
100117582
100039018
100068319
100068316
100039012
100117588
100039546
100068313
100068310
100056007
100110004
100066069
100066066
100066063
100035907
100114774
100105444
100105333
100105330
100105447
100105336
100105441
100070350
100105339
100064371
100066324
100066282
100069264
100121761
100066285
100066321
100066288
100051336
100048834
100053598
100048831
100110439
100000147
100053595
100038628
100078294
100055431
100083622
100083625
100088635
100083154
100083628
100089610
100088638
100080457
100089943
100111609
100080454
100051330
100080451
100051333
100115980
100051999
100111606
100115986
100035652
100035655
100086673
100035658
100116958
100104226
100116955
100087816
100104316
100104313
100087813
100087810
100104310
100037506
100065025
100037503
100065022
100104319
100037500
100103635
100103326
100103632
100103638
100103329
100105603
100061872
100078837
100044337
100091686
100091680
100091683
100104172
100088092
100071175
100071172
100071178
100123006
100050061
100123000
100000738
100083844
100083847
100119988
100119985
100051198
100044334
100080631
100080637
100051195
100080634
100109008
100040524
100045003
100040521
100045000
100050241
100050247
100109005
100050244
100063252
100060051
100060054
100060057
100122157
100122151
100055995
100064611
100064617
100055992
100064614
100051339
100113472
100062820
100057591
100038136
100044436
100038133
100044430
100065628
100042969
100060960
100037599
100065622
100065625
100042960
100042963
100081141
100081147
100081144
100059877
100093504
100093507
100059874
100093501
100112077
100117249
100082146
100082497
100082143
100053742
100082140
100117933
100118212
100117243
100117930
100053298
100046062
100117246
100039480
100039951
100039954
100039489
100065562
100074037
100085719
100074031
100085713
100085710
100085716
100038574
100068058
100068508
100068052
100068055
100063843
100038688
100038685
100069900
100038682
100049203
100049803
100077106
100049800
100077103
100049806
100077100
100044838
100049809
100077109
100114918
100042786
100042789
100119163
100114912
100111036
100111030
100086448
100111033
100105834
100105837
100086445
100105831
100087711
100116565
100063888
100116562
100087717
100088404
100063882
100052650
100088407
100052656
100088401
100083454
100097995
100097992
100097998
100080844
100080847
100080841
100092010
100111291
100036357
100109857
100109854
100062289
100120315
100062283
100062280
100120312
100051213
100052929
100100533
100100530
100054453
100051291
100072474
100121953
100048312
100048315
100081150
100048318
100048174
100048177
100051219
100046695
100040485
100081159
100051078
100051075
100051072
100084906
100098001
100040209
100040206
100067143
100067140
100067146
100062427
100108729
100102207
100102759
100108726
100099798
100047076
100080157
100080154
100080151
100059601
100059604
100059607
100112242
100112716
100112710
100099249
100112245
100099246
100099240
100112719
100099243
100095595
100091092
100091095
100095592
100091098
100074622
100073905
100073908
100085524
100085527
100045498
100085521
100071238
100045495
100120942
100120945
100045492
100050652
100049788
100050658
100049785
100049782
100041553
100041556
100041559
100074952
100045270
100045273
100045276
100045279
100051108
100102972
100102978
100039492
100118026
100118020
100118023
100084387
100063807
100084384
100118029
100084381
100085380
100085383
100085386
100119370
100081357
100085389
100081354
100119379
100093336
100093333
100093330
100037443
100093339
100053355
100086874
100086871
100088986
100037446
100053358
100068334
100084657
100068337
100039567
100068331
100039564
100066732
100066045
100066735
100038748
100066738
100105312
100105315
100068199
100118683
100096399
100118686
100064395
100068190
100064398
100068193
100068196
100089589
100110241
100089580
100110244
100110247
100043848
100048819
100043842
100043845
100000162
100059046
100000165
100000168
100067365
100099408
100110028
100039543
100119085
100110025
100110022
100119082
100111378
100086121
100111375
100035676
100077598
100077595
100077592
100108534
100073689
100108531
100087837
100073680
100087831
100104373
100087381
100065046
100037293
100065040
100065043
100065049
100120438
100092202
100092208
100035904
100044649
100044319
100044643
100044640
100095961
100121803
100104190
100104193
100104196
100104199
100054768
100080439
100080436
100080430
100080433
100043521
100050004
100050007
100050001
100088218
100087528
100063801
100036645
100087522
100088212
100088215
100055014
100055017
100087525
100080382
100107319
100107316
100103611
100103617
100107313
100107310
100103614
100106041
100106044
100106047
100102561
100102567
100102564
100098328
100064809
100075051
100064554
100070353
100098322
100064806
100098325
100072222
100075948
100064725
100095787
100106590
100000765
100075231
100075237
100075234
100113457
100066897
100103968
100066894
100071055
100066891
100103962
100103965
100045066
100040017
100045060
100045063
100117489
100117480
100117486
100108885
100108882
100081168
100042942
100048579
100042945
100050163
100065607
100048576
100065604
100048570
100065601
100048573
100093831
100093522
100059817
100093834
100093525
100112056
100093528
100112050
100039978
100059382
100039975
100074547
100074013
100114684
100085260
100114681
100085269
100081291
100093786
100093783
100093780
100049191
100060381
100049194
100039603
100039600
100047133
100047136
100047139
100048837
100082128
100049227
100049224
100049221
100044814
100083295
100083292
100119412
100119415
100066381
100081831
100066387
100114900
100047205
100044802
100110487
100037179
100052674
100100734
100063867
100087738
100066567
100066564
100036372
100036375
100096009
100105105
100077169
100105102
100078312
100077166
100077160
100077163
100121422
100045417
100121425
100121428
100072417
100048375
100048372
100056979
100056976
100056973
100048378
100052350
100116508
100116505
100083157
100046629
100116502
100111024
100054027
100105840
100054024
100054021
100103287
100092691
100092694
100040224
100040227
100067164
100040221
100067167
100077781
100077784
100091521
100095205
100102774
100091524
100095202
100108708
100073092
100095208
100043404
100049701
100090123
100090120
100090693
100080178
100065832
100065835
100071031
100051789
100051993
100071034
100071037
100059667
100059664
100059661
100081744
100037077
100051996
100049422
100049425
100052641
100070926
100117660
100070920
100070923
100070929
100081741
100088410
100052644
100059907
100040482
100045471
100111357
100071253
100040488
100120924
100120921
100050637
100050634
100049767
100050631
100079695
100079692
100047901
100057948
100047907
100047187
100057942
100042885
100042882
100046848
100042888
100045216
100110364
100037461
100112998
100053412
100117018
100041688
100041685
100117012
100117015
100041682
100084417
100102060
100080736
100101904
100101907
100094842
100094845
100093648
100093318
100093642
100093315
100081339
100093312
100093645
100079038
100060711
100060717
100060714
100122346
100122340
100122343
100064002
100075555
100075552
100064005
100064008
100075558
100061293
100074976
100061296
100038721
100093072
100043131
100078120
100108147
100122670
100111171
100122673
100111174
100043869
100037605
100043689
100097506
100041988
100118401
100118407
100118404
100044061
100095667
100073521
100093867
100074361
100073524
100036435
100038238
100114090
100114093
100037764
100069009
100110592
100114096
100114099
100038232
100110598
100038235
100066717
100115320
100115323
100036492
100115326
100115329
100059394
100105591
100092199
100059391
100044484
100104421
100104424
100104427
100114891
100104358
100065067
100114894
100114897
100107748
100120108
100120105
100120102
100077316
100044661
100044664
100077313
100077310
100044667
100095949
100052284
100052287
100077319
100101964
100054702
100050022
100050781
100050025
100050028
100050787
100116337
100116334
100067269
100088239
100116331
100088236
100088233
100055032
100088230
100035664
100107991
100036639
100107994
100092994
100092997
100092220
100092991
100092226
100095412
100095415
100102546
100095418
100075036
100075030
100075033
100064821
100064824
100064827
100076041
100107199
100037509
100107190
100051480
100107193
100107196
100000741
100057882
100057558
100037482
100051732
100103944
100103941
100122454
100045045
100046533
100046530
100122457
100084888
100046242
100084885
100046539
100057084
100084882
100079056
100074784
100089334
100089337
100074787
100074781
100048591
100065661
100048597
100048594
100060015
100060012
100117204
100117207
100061638
100101733
100061635
100061632
100074562
100074565
100038532
100067749
100067746
100046149
100039621
100068016
100068010
100068013
100039627
100051375
100042435
100065292
100047118
100053703
100053250
100053253
100082455
100053706
100053256
100053259
100082458
100113922
100036612
100083271
100083277
100083274
100047373
100093108
100066363
100066369
100081819
100093102
100093105
100038391
100044619
100060903
100051792
100060900
100043557
100043581
100051045
100097953
100097950
100083415
100083412
100052938
100035478
100097959
100083418
100069633
100105129
100046548
100096573
100036822
100109890
100105123
100105120
100105126
100077148
100076233
100076230
100076236
100049569
100076239
100051255
100111789
100072432
100094971
100043476
100040212
100043470
100051258
100087759
100087756
100087750
100087753
100107298
100054048
100054513
100080991
100054516
100107295
100054042
100102234
100061998
100102714
100102711
100061995
100062469
100095886
100095880
100095889
100080193
100080190
100080196
100107079
100107076
100080199
100107073
100065853
100065850
100107070
100071016
100071013
100071010
100120714
100120717
100049407
100049404
100049401
100045450
100040971
100045453
100040974
100049290
100045456
100040977
100045186
100120900
100050619
100045180
100110142
100049740
100050616
100049743
100049746
100050613
100064458
100065271
100064452
100065277
100047967
100098487
100057960
100056283
100049299
100093489
100093486
100093480
100045231
100093483
100106653
100109569
100109566
100089802
100000687
100113001
100113007
100117078
100113004
100117072
100090363
100093660
100093663
100036609
100093666
100063885
100093669
100060732
100060735
100064920
100112602
100070059
100046182
100070056
100075570
100046185
100070053
100076848
100053400
100074991
100048438
100112605
100048435
100043113
100043116
100043119
100036516
100105354
100105357
100105351
100046761
100090813
100090810
100090816
100074196
100114252
100119337
100081648
100115692
100043806
100043800
100082848
100059004
100082845
100082842
100056760
100059001
100061179
100068481
100070917
100089679
100073509
100073506
100089670
100073500
100085122
100085125
100038259
100085128
100038706
100038700
100038253
100038250
100038703
100056580
100043671
100035637
100086160
100086163
100115341
100056589
100060402
100077085
100077082
100108579
100073644
100077088
100073647
100065082
100065085
100119598
100065088
100119595
100119592
100071862
100077889
100077334
100077331
100077880
100088032
100088035
100088038
100066198
100066192
100038871
100045489
100038874
100066195
100051933
100111339
100054720
100111333
100092424
100092427
100111330
100092421
100111336
100087564
100121878
100080694
100080697
100080691
100096966
100036615
100070734
100070737
100091770
100091995
100102525
100102522
100075015
100064590
100064593
100102528
100064845
100064842
100064848
100071487
100071481
100046971
100046977
100075900
100075903
100038124
100049794
100080037
100089076
100048603
100059589
100048606
100103920
100089070
100048609
100059586
100089079
100102039
100044427
100102030
100099144
100102036
100117195
100117444
100084867
100117441
100117192
100057756
100057750
100117198
100057753
100074769
100038835
100093879
100112011
100112017
100093870
100112014
100060036
100060039
100061617
100065505
100074505
100074502
100065502
100065508
100074508
100050409
100050403
100050406
100046518
100046512
100046515
100058983
100035640
100039645
100039642
100047178
100039648
100081780
100081783
100081786
100093291
100081789
100093294
100093297
100060699
100049263
100060696
100049260
100060693
100060690
100053277
100082476
100088803
100082473
100088806
100082470
100088809
100113943
100113940
100085809
100047397
100085803
100098967
100098964
100085800
100085806
100066696
100081873
100081870
100093126
100093123
100093120
100115593
100060966
100105729
100082788
100060963
100082785
100053184
100115599
100105726
100060969
100105720
100082782
100064275
100064272
100121608
100038118
100121602
100038112
100038115
100121605
100039999
100086307
100000021
100000027
100118851
100044850
100044856
100044859
100044394
100042966
100121464
100121467
100121461
100043491
100043494
100062199
100116817
100087771
100116814
100087777
100116811
100087774
100104094
100097971
100104097
100097974
100104091
100052632
100097977
100080202
100054060
100054066
100080205
100080208
100036351
100111456
100067128
100111453
100111459
100084915
100061977
100103995
100091560
100104670
100097608
100059871
100104676
100104679
100097605
100103020
100053295
100123120
100082494
100053745
100112227
100120738
100118749
100120735
100050187
100120732
100049464
100049467
100073368
100049461
100073362
100053292
100073365
100117240
100071295
100040917
100040914
100091389
100109362
100109365
100049728
100102198
100109368
100091383
100049725
100049722
100091386
100041532
100041535
100041538
100039483
100090168
100090165
100090162
100093462
100040623
100039486
100093465
100040629
100093468
100122652
100058578
100122655
100058575
100122658
100058572
100117054
100113574
100084456
100113571
100115383
100084459
100072018
100090381
100090387
100111801
100072015
100093606
100093603
100093600
100060204
100122382
100065118
100074034
100046161
100075597
100037476
100064044
100065115
100064041
100039093
100076866
100068931
100076863
100068937
100068934
100076860
100039099
100065565
100076869
100048417
100048414
100116604
100046701
100039897
100090831
100059733
100090837
100110886
100085323
100085320
100085326
100110883
100110880
100085329
100110889
100118998
100082641
100082311
100082860
100082317
100082314
100082647
100053049
100118995
100118446
100118443
100118440
100112440
100061155
100061152
100118449
100074244
100089691
100089697
100089694
100037728
100066756
100035982
100066750
100066753
100035988
100066759
100044448
100044442
100044445
100068757
100068754
100104469
100068751
100087897
100087894
100104466
100104460
100104463
100087891
100071844
100071847
100071841
100043398
100043395
100115104
100035910
100115107
100091554
100078522
100078525
100078528
100079524
100044622
100088017
100052935
100088014
100052932
100088011
100110622
100043599
100110625
100038850
100038853
100038856
100038859
100051912
100111681
100092400
100111687
100111684
100111867
100086142
100038502
100086145
100091173
100091170
100036657
100116664
100087549
100116667
100048273
100087546
100087540
100087543
100119907
100076665
100076668
100043539
100072570
100072573
100036180
100043530
100043533
100036183
100036186
100043536
100036675
100036672
100036678
100091716
100064869
100064380
100064866
100064860
100091719
100044724
100046950
100046953
100046956
100046959
100064731
100089058
100051774
100054303
100054300
100051777
100048624
100051771
100048627
100035211
100102057
100102054
100102507
100102051
100108822
100107736
100093852
100093855
100120747
100050790
100112569
100093858
100049908
100106287
100075297
100044523
100067788
100085791
100044832
100085797
100085794
100044835
100067782
100045372
100067785
100044526
100050427
100050424
100050421
100117429
100044172
100050055
100117426
100046572
100044529
100114198
100114195
100049281
100041358
100082419
100049284
100049287
100053214
100053217
100082416
100053211
100088866
100118290
100088863
100113214
100064782
100068235
100084150
100064788
100088869
100114771
100081858
100069189
100114777
100081855
100069186
100069180
100081852
100069183
100093144
100093147
100093141
100114915
100105702
100046398
100105252
100105255
100046392
100105708
100046395
100039669
100039666
100039660
100041643
100039663
100069366
100069369
100121662
100043701
100043707
100043704
100070521
100056481
100070524
100053040
100083238
100052035
100052032
100121482
100093708
100051210
100051216
100121485
100121488
100086550
100086553
100086556
100056262
100036882
100116871
100088485
100104070
100037449
100104076
100088482
100063804
100097917
100097914
100104079
100088488
100065127
100065124
100097911
100103590
100103593
100055422
100103596
100054216
100103599
100062310
100055908
100099714
100099711
100091542
100091545
100086442
100091548
100080070
100071052
100071724
100071727
100071058
100116298
100050160
100120756
100050166
100120750
100120753
100049911
100089973
100096084
100120759
100049914
100049917
100087714
100117675
100055110
100048642
100055446
100080229
100052653
100080220
100080223
100080226
100045414
100083451
100045411
100037656
100049704
100050307
100091812
100089979
100050301
100063375
100063372
100063378
100090144
100065982
100090147
100090636
100122679
100106614
100106617
100106611
100122676
100075603
100095664
100056280
100075606
100095661
100117858
100113517
100075609
100098196
100101961
100098193
100094398
100098190
100094395
100098199
100094392
100072030
100118335
100072039
100079059
100079053
100079722
100079725
100122451
100046146
100046497
100073698
100076809
100046140
100076806
100076800
100076803
100096024
100093441
100053187
100093444
100093447
100041118
100046728
100046722
100118602
100041112
100041115
100118605
100046725
100094539
100103401
100108120
100094536
100090855
100089505
100045552
100112608
100074427
100093624
100067446
100093627
100067443
100093621
100067440
100082626
100053025
100053022
100082623
100082620
100118461
100053028
100082629
100062286
100074268
100074262
100110160
100074265
100065331
100040899
100110163
100059898
100078723
100078093
100078096
100053088
100044424
100044421
100040893
100042138
100046290
100071550
100055527
100040896
100053538
100056010
100086304
100082332
100098187
100053535
100052779
100052959
100052770
100052773
100052956
100052950
100052953
100052776
100110601
100037659
100110604
100072639
100038832
100056100
100072633
100072630
100072636
100038838
100111804
100115380
100000684
100067869
100105063
100105060
100067866
100105066
100067860
100067863
100104913
100055092
100035832
100069429
100121341
100121344
100121347
100066171
100038676
100043518
100036654
100121950
100043515
100103698
100096252
100043512
100072477
100064881
100064887
100059409
100046935
100046932
100090288
100090282
100090285
100065931
100096879
100054324
100065934
100065937
100051798
100096876
100059547
100040092
100059544
100059541
100040098
100102075
100091734
100063738
100102078
100091731
100094701
100094707
100094704
100090468
100090462
100046155
100055731
100107757
100107754
100071559
100065682
100107751
100059895
100071553
100067272
100040890
100071556
100067275
100059892
100079911
100079917
100079914
100045600
100063735
100045357
100045354
100045351
100049110
100049113
100053409
100049119
100117402
100046557
100084828
100084825
100084822
100089472
100063678
100122025
100053232
100053235
100122022
100113232
100053238
100113235
100113727
100113724
100068217
100053406
100068214
100066900
100066903
100066906
100093168
100066306
100066657
100093162
100066309
100093165
100043473
100060432
100105276
100105273
100117150
100043242
100045288
100043728
100038154
100038157
100121131
100121137
100043722
100043725
100053940
100053943
100067149
100082299
100053946
100053949
100082296
100082293
100045285
100052542
100052017
100052011
100089718
100110454
100089715
100045282
100110451
100089712
100051894
100051897
100051891
100086535
100062157
100046068
100086538
100116853
100116850
100116856
100087912
100116859
100087915
100104586
100097935
100065103
100037464
100104583
100097932
100037467
100097398
100065109
100097938
100099927
100092613
100092610
100092616
100099921
100092619
100095868
100044988
100077703
100120513
100062373
100062370
100077706
100044985
100095865
100120519
100062379
100104634
100104631
100050148
100063672
100071709
100000150
100106986
100106980
100044187
100106983
100087663
100106989
100087666
100083967
100063687
100063681
100046065
100103209
100103200
100080247
100080244
100103203
100051090
100103206
100080241
100113238
100106188
100038877
100106185
100106182
100063429
100091833
100091830
100063351
100063354
100051297
100103065
100107589
100103062
100102339
100092730
100075621
100095130
100037671
100075624
100075627
100077388
100084369
100084366
100084360
100084363
100089151
100089154
100089157
100051636
100045168
100048186
100048180
100048183
100048189
100045165
100040407
100052134
100046128
100051294
100084177
100048171
100048459
100065742
100112713
100048456
100045222
100040668
100093429
100093426
100040665
100112914
100073059
100093423
100093420
100112911
100041136
100084582
100084585
100099930
100041130
100089529
100066300
100089520
100088188
100089523
100089526
100039858
100110847
100073308
100085362
100112620
100093396
100112623
100093390
100112626
100093393
100112629
100093399
100037677
100061113
100061110
100074280
100074283
100073839
100074286
100074289
100047295
100047292
100085182
100085185
100085188
100045831
100045837
100045834
100035508
100049323
100049320
100049326
100068793
100068790
100073902
100068799
100044409
100114810
100114813
100119532
100119535
100042117
100081951
100085983
100085980
100065322
100119280
100074625
100060045
100065325
100086322
100115146
100082608
100086325
100115143
100082605
100082353
100082350
100088053
100052200
100052971
100088050
100052977
100055524
100083007
100052974
100052209
100088728
100052755
100058338
100037095
100100491
100110661
100111828
100111822
100105270
100111825
100105042
100105045
100105048
100071643
100071640
100069444
100069447
100043575
100048216
100043572
100092880
100048219
100043578
100070755
100120180
100120183
100077394
100077391
100076446
100054123
100054120
100080586
100054126
100080580
100072285
100051405
100111531
100051408
100072288
100080589
100111534
100111537
100115857
100088185
100059424
100062748
100099693
100062745
100046917
100099696
100035781
100049734
100087582
100080058
100090264
100090267
100044412
100080721
100080724
100080727
100123060
100065913
100092805
100059526
100071391
100059523
100035256
100055998
100074700
100074703
100049731
100040872
100040875
100060048
100040878
100035334
100079938
100079932
100079935
100053499
100045627
100045624
100045330
100045621
100053496
100045339
100049137
100049134
100049131
100084771
100084777
100084774
100081726
100081729
100106428
100060639
100122556
100064740
100070116
100070110
100070113
100064746
100064749
100070119
100117282
100039336
100039339
100081546
100093180
100093183
100072849
100066672
100081540
100072846
100072843
100060987
100060984
100105219
100105216
100105210
100105213
100064296
100082869
100064293
100064290
100068094
100068097
100068091
100064299
100047664
100047667
100047661
100043968
100043749
100043962
100043743
100043740
100043965
100053967
100056445
100053964
100053961
100053544
100118341
100117822
100117825
100082611
100118347
100056448
100104868
100053541
100089775
100089772
100051114
100037668
100110478
100085644
100085647
100053619
100056229
100042975
100101829
100082011
100053610
100053613
100115464
100082017
100053616
100053100
100068631
100047088
100104037
100052695
100047085
100065166
100121119
100065163
100065160
100069324
100121113
100069321
100121116
100065169
100067188
100067185
100067182
100077235
100059868
100061911
100044313
100052941
100078918
100049677
100050889
100035568
100062151
100050124
100050121
100055758
100049956
100049950
100049953
100087648
100055752
100046095
100087645
100064980
100049959
100087642
100091917
100055755
100036759
100080265
100080262
100103269
100036201
100109902
100080268
100103263
100036756
100050694
100050697
100050691
100091671
100091854
100091857
100091851
100091674
100091677
100087918
100081351
100063402
100103080
100036156
100071769
100071766
100071760
100095112
100079542
100079545
100095115
100095118
100065100
100051618
100051615
100103881
100103887
100103884
100040467
100040464
100040461
100104580
100053283
100090099
100090096
100065760
100065763
100053352
100065766
100065769
100122361
100112935
100099318
100040686
100112395
100112932
100112398
100040689
100112938
100099315
100039789
100118131
100118137
100118134
100055083
100039783
100039834
100039837
100039780
100039831
100039786
100094575
100090897
100094572
100074118
100094578
100060201
100039561
100043458
100120897
100120894
100055704
100120891
100059742
100061467
100042351
100042354
100094908
100045810
100062376
100045813
100038781
100045816
100045819
100063651
100049305
100049308
100076383
100120510
100042684
100042687
100114837
100114834
100047412
100119511
100081978
100047418
100072981
100060849
100072984
100115611
100115614
100063657
100115617
100053574
100064179
100053571
100064173
100052227
100052734
100083025
100110139
100052731
100039615
100083028
100121563
100043503
100121566
100121569
100055935
100036921
100092136
100043083
100092139
100036438
100105027
100105024
100105021
100078765
100078762
100037344
100037347
100037341
100072513
100048948
100072510
100043221
100043551
100036693
100048237
100043224
100043227
100043554
100082950
100082953
100040887
100044688
100116427
100116424
100116421
100054108
100051429
100051420
100054102
100051423
100047421
100054105
100115878
100111519
100111516
100115872
100059445
100059442
100059448
100091443
100091440
100091446
100087255
100103749
100090246
100090243
100080709
100103740
100103743
100065976
100080703
100065970
100090249
100080700
100092865
100071373
100071370
100071376
100092862
100035271
100071379
100092868
100035274
100077910
100049548
100077913
100049542
100049545
100112092
100071514
100067230
100112095
100112098
100049647
100051162
100053043
100049215
100045318
100051417
100045645
100049938
100044820
100045315
100045642
100049158
100049155
100109461
100049935
100049152
100084759
100075186
100075180
100075183
100084750
100117114
100117117
100084753
100075189
100084756
100049932
100101823
100101820
100108840
100101826
100094749
100094746
100048732
100108849
100090420
100094743
100094740
100094965
100093210
100093213
100044829
100093216
100093219
100047310
100075459
100053046
100075453
100088881
100088884
100075456
100088887
100113274
100064764
100113271
100064761
100076986
100076980
100039315
100076983
100048738
100074589
100074586
100074580
100105231
100105237
100105234
100046662
100041817
100041811
100046665
100035787
100081708
100041652
100047646
100047649
100043764
100043941
100043944
100086289
100115266
100115269
100086286
100046350
100063846
100118368
100117807
100118365
100117804
100118362
100045555
100051096
100037641
100089751
100083700
100089754
100065496
100085881
100085887
100119181
100065490
100085884
100081564
100085665
100094611
100085662
100066612
100062118
100105498
100105495
100059298
100105492
100053631
100050328
100108213
100108210
100104016
100065148
100104013
100065145
100104019
100065142
100050325
100090954
100037761
100078240
100078243
100064698
100088398
100050322
100055194
100088395
100073056
100055191
100088392
100097683
100097680
100097686
100038991
100097689
100092838
100038997
100111729
100051852
100051855
100051858
100111723
100095820
100111726
100050106
100050100
100050103
100049971
100080061
100049977
100050109
100049974
100055770
100063642
100064965
100064968
100049398
100048678
100044286
100121794
100107895
100107892
100036777
100092307
100109923
100107898
100036771
100116181
100050814
100055368
100116184
100116187
100091656
100091653
100091650
100063396
100098427
100063390
100063468
100063399
100039732
100038643
100096153
100035463
100046893
100046896
100075840
100070833
100070830
100075843
100070836
100070839
100040089
100057456
100094884
100094887
100064776
100093723
100035172
100053325
100048495
100048492
100048498
100106857
100106854
100039813
100039762
100039765
100039816
100039768
100039819
100110808
100060366
100073683
100074346
100035100
100035103
100045786
100044331
100035109
100093687
100093684
100112662
100093681
100079749
100037956
100095133
100122964
100122967
100122961
100039105
100073878
100037563
100039102
100102333
100039108
100073875
100052743
100102330
100041181
100037569
100117639
100049365
100049362
100046788
100117630
100117633
100118116
100046782
100114678
100035883
100038709
100042150
100114852
100110595
100093021
100093024
100060861
100113538
100060864
100122217
100122214
100071562
100059880
100113139
100113136
100068424
100097857
100119790
100097854
100097851
100066132
100036909
100066420
100036903
100036906
100066429
100121329
100121323
100121320
100121890
100048969
100048966
100048963
100044316
100048960
100070797
100070794
100044646
100100458
100052719
100083049
100087018
100052245
100088764
100083511
100083046
100088761
100083514
100080541
100080544
100080547
100051447
100080895
100080892
100051441
100043650
100077682
100049116
100040404
100058392
100043080
100097149
100104202
100104757
100104754
100104751
100097146
100103983
100107403
100107400
100103980
100103986
100103767
100103989
100103764
100092847
100103761
100092844
100120054
100102585
100049563
100049566
100044007
100052860
100052863
100088182
100102588
100119691
100076089
100076086
100040788
100071538
100071535
100071532
100050712
100050715
100050718
100058737
100058734
100052164
100090228
100045663
100045660
100045666
100045669
100049173
100049176
100065472
100049179
100101808
100041787
100041781
100117135
100117138
100101805
100072138
100074838
100074835
100053478
100093237
100093234
100060678
100093231
100106461
100106467
100106464
100075309
100075306
100064707
100075303
100075300
100066969
100068856
100068859
100076968
100066960
100039372
100066966
100048453
100048771
100048450
100055011
100046644
100051069
100090918
100117141
100048021
100084816
100056367
100053922
100082233
100053925
100053439
100053928
100118305
100117864
100117867
100113835
100117861
100118302
100118308
100039594
100052524
100053652
100073464
100052521
100073467
100037626
100037995
100036213
100037623
100037992
100066633
100066630
100066636
100069102
100066639
100045291
100069108
100067617
100105966
100086004
100067941
100105963
100067947
100067944
100105960
100053658
100105969
100068676
100068673
100068679
100097332
100046641
100041133
100051831
100052380
100110568
100055170
100088371
100055176
100088377
100052386
100052389
100055179
100110565
100081285
100066099
100066096
100066093
100066090
100051876
100108711
100116211
100116214
100116217
100083982
100064947
100063666
100088515
100088512
100064941
100063660
100088518
100103518
100080958
100100176
100040662
100080952
100111924
100092670
100092673
100000192
100100173
100092679
100091326
100091323
100091320
100063441
100063912
100063915
100091329
100063444
100072303
100072300
100072306
100048795
100096171
100096177
100096174
100061362
100075825
100057438
100058185
100075828
100089139
100080379
100064803
100089133
100080373
100080370
100080376
100064800
100051654
100064551
100050388
100109614
100109617
100050385
100050382
100050832
100101475
100061365
100065724
100065727
100048825
100065721
100112467
100112464
100070818
100099357
100070812
100070815
100039747
100038490
100039744
100039741
100042903
100110820
100110829
100120852
100070968
100050523
100120858
100049695
100049692
100049884
100046410
100046413
100073890
100073893
100073896
100073899
100043653
100045858
100045855
100045501
100045507
100045852
100073311
100043656
100049344
100049347
100049341
100041193
100055926
100049854
100055920
100055923
100118179
100118176
100117657
100117654
100055929
100118173
100113481
100117651
100110352
100073914
100119550
100119556
100119559
100093000
100093003
100093006
100093009
100060072
100122232
100115653
100041991
100115659
100041997
100113154
100113157
100069711
100038658
100110175
100110172
100069714
100069717
100066156
100066405
100066153
100066150
100038655
100000762
100036963
100078018
100062892
100062895
100078012
100118791
100118797
100118794
100076329
100043596
100096786
100043593
100096783
100082914
100000804
100082917
100043269
100082911
100056364
100038010
100000807
100088743
100097839
100088746
100088749
100097836
100097830
100097833
100100431
100103161
100080565
100080562
100089835
100111552
100059481
100049776
100091401
100073797
100073794
100104730
100104733
100073791
100097167
100103704
100103707
100040128
100103701
100123003
100123009
100077409
100077403
100077406
100049506
100049503
100049500
100052848
100073245
100052845
100052842
100049509
100040812
100050730
100052833
100053952
100042111
100098580
100047472
100098583
100090750
100090753
100112857
100040104
100040107
100112854
100040101
100112851
100056475
100075141
100075144
100119538
100084246
100084249
100094926
100094923
100094920
100092205
100071688
100094929
100060126
100060129
100064722
100075366
100075360
100075363
100064728
100039354
100048750
100048753
100048756
100048759
100089862
100046338
100046335
100046626
100118545
100118542
100118548
100036354
100037818
100077739
100081033
100081030
100081747
100093258
100093255
100059904
100059901
100093252
100053415
100118899
100110448
100118896
100118890
100053418
100061521
100061527
100061524
100061299
100074367
100074364
100089793
100037602
100089790
100037608
100103800
100115149
100051987
100038406
100038403
100082602
100038400
100051693
100038409
100055521
100051690
100052203
100087993
100087990
100087996
100065181
100087999
100042054
100063552
100053955
100083559
100040125
100117006
100069387
100069384
100052206
100069381
100083556
100086241
100115221
100044271
100044277
100044274
100061896
100055152
100088353
100055155
100088356
100052752
100119058
100119052
100119055
100072759
100072750
100072753
100040353
100051810
100051813
100072756
100053679
100053673
100053670
100105900
100105903
100064929
100116232
100064926
100081342
100064923
100103578
100103575
100043677
100043674
100096372
100093303
100105633
100039972
100105630
100063939
100102600
100093306
100054288
100076128
100060702
100080355
100060708
100080358
100051105
100051102
100048102
100035559
100067032
100035553
100035550
100035556
100067035
100102621
100085263
100090567
100071478
100064365
100059730
100071472
100071475
100059736
100085266
100067356
100067353
100067359
100106815
100106812
100079836
100079839
100106818
100094596
100094593
100074175
100094590
100074178
100094599
100120879
100120870
100120873
100120876
100109098
100050508
100109095
100091965
100109092
100041421
100046431
100041424
100041427
100112317
100047214
100081489
100047217
100081483
100042999
100047748
100081486
100045525
100045528
100102846
100102843
100075777
100055905
100065073
100118155
100039729
100039726
100117678
100085902
100085905
100038094
100038091
100046536
100093063
100093060
100035934
100060351
100060357
100060354
100093069
100053085
100113178
100064119
100053082
100113172
100064116
100064110
100113175
100064113
100068466
100068460
100068463
100070851
100038670
100121053
100038673
100069732
100038892
100038679
100038898
100036945
100053889
100036942
100053886
100053883
100110370
100110373
100048294
100048297
100048291
100043245
100056613
100056616
100108372
100108375
100108378
100037017
100110154
100110157
100110151
100103146
100103143
100041085
100044598
100076332
100073692
100076335
100092886
100071316
100071313
100071319
100092889
100077421
100044739
100077424
100077427
100044733
100044730
100044736
100049521
100052827
100052821
100091089
100054618
100080508
100080505
100089811
100054615
100080502
100040740
100050754
100050757
100050751
100116001
100116004
100049656
100104862
100104865
100063036
100049920
100063033
100063030
100098565
100063039
100090777
100059739
100060738
100107445
100107442
100080583
100102450
100070995
100070992
100084264
100054129
100090489
100094905
100090480
100094902
100044031
100060105
100060102
100111612
100122088
100060108
100047838
100057999
100068490
100057993
100068817
100057996
100065889
100098922
100059427
100065886
100046914
100048735
100112839
100040122
100112836
100112830
100112833
100000171
100041658
100035784
100046359
100046356
100098925
100046353
100046602
100062742
100084996
100084993
100084990
100073917
100090951
100090957
100119418
100084999
100074697
100074694
100074691
100037830
100093273
100093900
100093903
100093270
100093276
100112167
100093279
100112164
100041664
100117537
100117534
100117531
100065478
100037959
100073428
100074349
100037950
100073425
100074430
100037953
100065475
100073422
100074343
100038469
100049389
100045951
100038466
100045954
100045957
100078441
100104526
100104520
100047559
100104523
100119694
100047556
100119697
100047553
100104529
100047550
100069078
100115752
100115755
100056118
100053475
100115758
100053472
100044925
100044922
100037821
100088332
100044928
100037824
100037758
100080073
100051837
100051834
100036534
100036537
100036531
100111927
100105921
100105435
100111921
100064305
100064902
100063627
100064905
100063624
100064908
100058188
100069501
100036486
100069504
100066237
100121260
100066234
100066231
100063864
100107877
100112170
100107874
100036483
100107871
100092802
100112173
100105651
100035661
100078222
100086646
100078225
100093261
100063483
100063480
100056577
100076107
100076452
100051342
100051345
100072348
100051348
100072345
100072342
100068709
100059364
100059361
100108582
100052014
100093738
100051165
100080337
100080334
100103806
100080331
100093048
100103809
100051168
100063213
100035571
100040350
100062535
100067017
100062538
100102603
100095997
100054114
100063210
100090549
100107124
100071103
100067338
100071106
100067335
100112311
100112314
100067332
100095199
100060558
100106839
100106836
100106830
100106833
100070854
100079812
100037281
100045723
100045726
100067485
100045729
100049653
100049650
100050565
100050562
100049659
100050568
100047832
100047835
100108960
100108963
100108966
100081465
100055173
100081468
100045546
100093597
100093594
100045543
100045540
100093591
100049386
100045549
100113379
100064689
100064686
100113376
100064680
100113370
100113373
100105108
100039252
100039255
100039258
100081204
100081207
100081201
100072900
100093045
100038079
100093042
100060372
100060375
100060378
100122271
100000246
100047769
100047763
100047766
100038616
100038619
100053865
100046011
100053868
100113994
100113997
100114618
100114348
100114615
100056631
100056634
100099558
100099555
100099801
100099552
100061794
100108357
100108354
100048195
100097290
100040479
100086781
100111264
100111267
100111261
100086784
100086787
100035766
100035760
100035763
100077190
100120387
100120384
100043455
100049899
100103047
100049890
100058383
100104262
100100296
100114960
100100293
100040470
100040473
100071937
100120030
100088479
100044712
100044715
100055671
100087783
100087780
100055674
100055677
100081684
100080523
100081348
100080832
100080835
100103128
100080838
100089874
100054675
100054672
100089871
100050772
100050775
100050958
100050955
100050952
100063549
100063018
100116061
100063015
100063546
100054717
100104841
100090711
100045336
100107460
100072480
100036075
100072489
100102471
100109176
100122862
100122865
100045333
100106731
100109173
100091002
100122868
100109179
100084207
100084204
100072159
100054099
100115215
100072153
100054093
100054090
100072150
100054096
100072156
100053505
100071595
100079662
100079665
100079668
100056106
100057201
100057207
100057204
100036690
100048714
100048717
100048711
100056103
100112761
100112764
100099231
100045399
100112818
100099234
100099237
100046374
100046377
100118506
100058890
100118059
100041679
100118509
100117084
100117081
100048441
100085002
100085005
100081075
100081072
100060168
100060165
100112434
100112389
100074418
100065415
100065412
100067677
100067671
100119001
100068697
100068694
100068691
100039849
100061788
100118122
100042012
100081693
100081690
100042018
100102777
100060783
100060786
100056133
100115776
100053322
100082257
100099804
100053454
100060615
100053328
100056139
100088917
100115779
100108705
100055443
100055116
100088641
100083694
100091527
100088644
100083697
100087159
100082491
100038916
100038919
100096957
100036513
100072714
100072717
100036510
100072711
100115488
100115485
100111906
100111903
100064329
100064323
100064320
100052146
100052143
100052140
100036522
100052149
100066258
100043632
100056790
100077292
100077295
100065592
100077298
100075042
100053685
100111678
100089991
100051369
100111675
100064311
100046815
100117717
100064317
100087849
100087840
100087843
100087330
100087846
100052155
100080649
100089199
100080319
100080643
100080316
100089196
100080310
100089190
100089193
100080313
100035769
100064911
100062556
100035514
100062553
100062550
100035511
100103464
100052152
100050892
100077871
100062559
100108657
100108654
100063978
100104103
100104100
100063975
100090525
100090522
100049428
100090528
100052158
100071127
100067311
100071124
100067317
100071121
100067314
100050097
100050094
100045708
100045702
100045705
100121257
100050238
100102081
100049671
100050547
100049674
100081543
100063201
100063204
100063207
100090039
100081195
100112599
100112596
100081198
100060573
100095718
100102882
100060576
100079290
100060579
100109233
100109230
100064662
100084018
100064665
100093711
100093714
100093717
100072966
100072963
100072960
100038889
100095796
100086949
100075945
100048501
100041835
100046038
100041832
100046035
100046032
100039984
100108012
100039981
100108015
100074061
100081999
100089433
100085947
100085944
100081996
100081990
100081993
100071250
100115011
100045474
100111060
100115548
100053151
100053157
100053154
100099822
100041838
100061044
100061047
100053031
100083592
100052791
100065208
100052797
100065202
100037056
100037050
100038634
100121014
100121017
100038637
100121011
100038631
100062967
100077601
100035748
100120630
100049872
100044553
100108486
100108489
100065031
100044718
100063789
100088458
100055308
100088455
100063780
100088452
100063783
100080817
100043746
100080814
100103455
100080811
100103458
100050934
100050937
100050931
100116040
100116043
100087456
100063561
100063564
100087453
100087450
100065493
100104829
100121902
100096672
100096675
100096678
100092598
100047400
100091020
100070950
100095016
100075126
100070956
100070959
100075129
100042162
100118344
100040251
100040701
100080520
100040707
100040254
100040257
100040704
100080526
100079605
100079602
100079608
100089877
100080100
100080103
100060570
100080529
100080106
100112746
100112740
100106971
100103122
100106974
100106977
100118077
100118074
100118071
100057978
100074652
100089340
100089220
100089226
100073974
100089229
100081054
100037662
100120999
100081057
100085572
100120993
100120990
100120996
100060147
100060144
100045219
100039513
100039510
100039516
100080307
100039519
100042255
100065613
100074472
100085686
100085683
100042258
100067692
100107397
100089778
100090429
100052212
100110298
100110292
100047511
100119655
100110295
100047514
100110658
100069897
100093363
100051093
100122337
100053307
100115467
100084414
100063012
100053301
100082500
100113652
100056220
100048276
100119034
100114000
100112047
100119031
100110070
100038934
100069093
100069090
100062541
100086085
100086082
100064347
100068148
100064341
100066270
100052233
100121227
100121224
100096468
100121221
100096465
100048861
100048867
100048864
100096462
100118929
100105690
100105693
100000117
100000114
100105696
100105699
100036078
100052302
100052305
100080484
100080487
100080481
100051303
100059328
100086622
100059322
100056841
100116079
100086625
100046833
100046830
100116925
100116922
100087867
100087864
100052161
100087861
100116928
100080661
100047082
100080664
100103848
100080667
100103845
100103842
100111831
100092904
100106734
100120171
100099021
100099024
100062571
100044349
100044346
100044343
100044340
100063990
100063993
100079485
100063999
100063198
100079851
100069327
100058053
100063192
100063195
100040062
100045696
100071115
100067326
100050214
100050217
100049617
100049614
100095481
100095487
100095484
100049611
100063228
100063225
100063222
100090504
100090507
100090501
100093552
100093882
100093555
100093888
100093558
100060555
100060084
100060081
100075243
100075240
100078915
100094287
100066867
100066864
100094281
100066861
100048690
100093777
100093774
100060339
100060888
100093771
100060336
100060885
100060882
100046230
100046233
100079806
100046236
100046239
100046584
100046581
100057078
100036687
100053829
100082194
100082197
100082191
100117960
100118242
100117963
100046050
100046053
100046059
100101034
100065598
100043560
100074046
100041379
100089412
100093081
100093084
100093087
100082770
100082995
100115524
100082773
100086433
100053175
100082776
100115521
100053178
100082998
100086439
100061068
100061065
100070743
100061062
100057759
100047181
100097701
100097707
100097704
100069936
100069930
100069933
100075228
100069939
100120615
100078369
100078363
100078360
100078366
100049857
100073719
100073716
100073710
100114924
100114921
100040527
100115038
100111009
100048984
100115032
100048981
100115035
100077481
100077487
100077484
100044754
100044757
100044751
100055326
100055323
100063765
100046044
100063768
100055329
100050550
100080874
100080877
100080871
100103476
100092751
100092022
100103473
100103470
100092028
100095256
100095253
100091596
100091599
100119835
100063504
100063501
100076287
100076284
100076281
100049662
100054117
100048321
100051435
100043407
100080595
100051432
100070977
100043683
100070974
100070971
100076755
100080298
100043680
100076752
100080292
100080295
100076758
100043686
100051537
100051438
100045396
100059454
100059451
100104628
100112725
100112722
100088914
100050331
100122820
100122823
100119130
100074679
100092757
100074670
100074673
100094347
100074676
100037890
100037893
100037896
100046371
100067503
100067506
100093966
100050661
100093969
100067509
100050664
100050667
100117087
100038397
100047349
100039027
100039024
100039021
100074454
100042234
100074457
100042231
100074907
100045249
100045240
100045243
100045246
100036207
100049005
100084978
100058581
100041634
100118014
100118017
100041637
100118011
100084975
100061992
100047061
100047067
100047064
100042588
100093348
100093345
100102876
100037767
100115731
100115737
100115734
100053364
100053361
100117591
100084609
100117594
100117597
100080733
100084603
100084600
100095706
100084606
100080730
100039537
100098874
100038778
100037794
100066078
100037791
100066075
100080040
100110019
100083421
100066072
100091317
100080043
100105453
100105450
100081078
100066714
100000678
100102549
100078177
100078174
100078171
100066291
100085008
100066294
100066297
100069219
100121755
100048840
100048843
100048846
100053580
100053583
100115191
100053586
100118902
100088608
100083169
100083166
100088605
100083163
100083160
100080463
100080460
100080466
100054756
100054759
100080469
100051981
100046854
100046857
100046851
100087804
100087807
100065019
100087801
100100665
100060162
100065016
100037242
100080607
100080604
100092928
100080601
100092250
100092922
100044034
100062592
100078828
100049557
100062595
100078825
100052989
100091695
100044322
100052983
100052980
100091698
100052986
100044328
100061869
100104142
100084450
100036366
100050052
100106899
100106896
100050058
100106893
100097548
100075885
100075882
100119991
100075888
100119994
100097545
100045744
100050589
100045747
100045036
100045741
100050580
100040518
100050583
100050586
100109011
100049638
100044808
100063240
100047895
100098319
100047898
100063249
100049455
100061368
100090078
100106233
100106236
100060531
100113469
100064629
100064626
100055989
100064623
100064620
100066849
100066846
100066840
100066843
100079161
100046215
100046212
100046218
100042918
100042912
100042915
100093579
100081153
100048540
100048543
100081156
100093570
100093573
100093576
100053772
100082173
100082176
100053775
100118731
100053778
100082179
100118734
100118737
100118227
100118224
100039942
100039945
100039498
100094401
100039948
100039495
100094404
100121455
100085233
100085236
100038016
100085722
100093759
100038013
100061782
100053115
100043392
100061005
100036651
100068535
100068532
100061002
100068538
100043467
100097278
100049839
100049836
100044517
100044514
100049833
100049830
100044511
100073734
100119178
100114909
100073737
100073731
100114903
100110481
100114906
100110484
100071991
100071997
100071994
100046008
100111021
100111027
100115059
100115056
100115053
100115050
100083448
100088413
100116889
100116559
100083445
100088416
100052647
100113982
100097986
100097980
100097983
100097989
100080853
100080850
100080856
100043791
100080859
100043794
100043797
100062298
100109860
100062295
100062922
100096588
100116772
100087498
100121419
100121410
100121413
100121947
100121416
100048309
100048306
100048303
100043422
100048300
100054039
100051048
100051519
100051516
100051513
100062439
100067158
100062430
100062433
100067152
100067155
100062436
100116088
100053457
100116082
100116085
100102231
100054033
100080145
100065805
100080142
100080148
100112707
100095586
100070914
100095589
100079425
100070911
100094362
100094365
100052323
100094368
100090336
100090333
100052320
100090330
100071208
100111051
100045483
100067521
100045486
100050649
100093405
100050646
100049791
100055113
100049797
100050640
100051117
100041037
100047934
100047937
100062475
100074922
100093402
100094755
100045267
100102900
100093408
100094974
100117021
100113073
100113070
100046680
100094977
100046683
100113079
100084912
100046689
100119340
100114228
100085392
100062478
100093324
100093327
100093321
100053343
100053340
100053346
100053349
100122379
100088971
100068322
100039009
100068325
100039006
100068328
100039000
100039003
100066720
100066723
100114042
100038976
100066726
100066729
100035913
100038979
100035634
100036633
100111909
100105306
100064383
100103368
100064386
100064389
100078114
100078117
100078111
100068187
100089598
100089592
100089595
100036519
100059814
100121770
100056733
100109731
100048822
100056736
100056739
100075039
100056085
100048828
100099411
100109734
100118962
100055425
100088626
100052347
100088620
100083634
100088623
100110031
100055428
100110034
100089976
100111618
100054771
100089970
100111342
100111615
100115317
100067890
100077589
100075465
100050289
100067896
100077583
100077586
100087828
100104301
100104307
100071838
100037512
100065034
100065037
100071835
100103626
100103623
100103620
100062958
100103629
100044658
100075468
100044652
100044655
100104169
100112647
100104166
100104160
100112644
100104163
100080448
100076185
100076182
100080442
100080445
100050313
100037458
100116349
100116346
100116343
100116340
100083856
100083853
100083850
100059397
100083859
100080628
100080625
100103332
100107301
100080622
100050259
100040020
100035874
100102570
100050256
100050250
100050253
100064818
100064548
100064812
100064815
100115461
100063813
100060042
100122148
100060513
100079980
100079983
100122145
100060519
100079986
100064605
100105456
100064602
100113448
100064608
100045018
100045012
100045015
100041778
100046278
100046275
100041775
100046272
100041802
100094794
100094797
100048561
100065631
100048567
100065634
100048564
100059862
100059865
100093519
100093516
100064287
100093513
100093510
100053286
100113910
100113913
100082485
100082482
100118209
100053280
100113916
100113919
100046098
100117927
100118752
100117921
100082488
100053289
100074559
100039966
100039960
100074550
100074553
100039969
100074556
100065556
100065553
100081288
100085704
100085257
100085707
100085701
100065559
100068049
100068043
100045192
100068046
100038697
100038694
100049302
100038691
100049218
100049212
100053757
100083289
100044826
100044532
100083283
100083280
100083286
100081828
100085878
100085872
100081822
100085875
100051444
100072897
100044766
100105828
100053136
100065994
100063894
100063897
100063891
100041565
100065991
100069645
100096039
100077112
100077115
100076575
100076572
100046812
100072408
100072405
100072402
100044799
100047415
100046818
100116571
100044796
100046245
100051060
100051063
100051066
100103296
100054018
100103293
100103290
100040233
100040230
100040236
100067179
100080823
100067170
100095211
100057081
100108717
100108714
100091260
100080169
100080163
100046248
100080160
100080166
100123153
100123150
100059679
100059676
100048798
100059670
100059673
100112275
100054648
100112272
100096087
100112278
100070932
100091086
100070935
100043884
100070938
100073314
100074634
100074637
100073911
100060846
100120939
100120936
100050625
100049770
100049773
100050946
100050622
100049779
100091881
100050628
100053577
100054963
100074946
100042891
100074943
100074940
100080646
100074949
100045204
100045201
100038301
100122685
100122682
100122688
100102969
100084390
100084423
100084420
100113583
100113580
100044520
100117009
100093309
100081345
100093651
100093300
100111735
100093657
100122358
100060705
100122352
100122355
100064011
100064014
100070062
100039576
100061257
100039570
100039573
100039579
100038223
100038229
100053604
100082005
100105360
100050898
100108150
100090375
100119367
100050895
100048804
100048807
100048801
100044367
100118941
100082839
100052419
100052416
100085119
100114069
100037755
100069072
100069075
100085116
100111360
100111363
100059388
100111366
100115338
100059385
100111369
100115335
100086640
100115332
100086643
100108528
100073146
100044493
100068700
100068703
100044490
100068706
100036432
100073677
100104367
100104364
100037284
100104361
100037572
100035598
100120444
100120111
100060720
100120441
100077304
100077307
100077301
100044673
100075561
100104187
100080427
100080424
100070044
100054711
100035880
100080421
100050019
100050016
100050013
100050010
100116325
100088209
100088203
100088200
100088206
100116328
100107322
100103608
100107325
100107988
100036153
100107985
100107328
100107982
100075048
100102000
100102003
100109725
100102558
100102555
100075045
100064839
100064836
100064833
100064830
100107187
100072237
100072234
100107184
100107181
100072231
100095793
100095790
100106272
100035193
100000774
100075951
100084090
100057549
100051729
100051726
100103971
100051723
100103977
100103974
100055188
100046521
100041202
100117498
100046524
100046527
100117495
100084891
100117492
100073020
100074799
100074793
100074790
100074796
100065610
100073023
100048585
100042951
100065616
100065619
100093534
100060069
100059802
100093531
100093825
100060060
100093828
100060063
100060066
100106587
100113937
100117279
100061626
100061620
100061623
100065538
100065535
100085272
100067752
100085278
100067755
100049188
100046293
100068061
100068064
100039639
100068067
100039636
100039633
100039630
100065283
100065280
100047694
100053739
100082137
100082134
100042438
100082131
100083262
100083265
100083268
100119136
100085854
100066399
100119133
100085857
100119139
100066393
100060939
100060933
100060936
100097941
100063873
100063870
100063876
100097944
100097947
100063879
100083409
100066570
100050232
100121632
100121635
100121182
100096015
100036810
100036816
100096012
100036819
100036369
100120324
100105117
100105114
100120327
100078309
100077178
100105111
100078306
100077175
100077172
100044805
100076224
100076227
100072423
100111798
100072420
100044382
100051264
100121452
100043461
100111792
100111795
100121458
100043464
100056961
100049947
100116514
100116511
100080988
100054030
100080982
100080985
100054036
100051006
100051003
100051000
100115875
100102768
100045384
100077799
100067110
100067113
100062472
100077793
100102762
100077796
100102765
100091533
100091530
100073089
100091536
100104640
100104643
100091539
100100896
100104646
100080181
100080184
100090111
100103011
100107043
100071022
100059652
100059655
100071025
100071028
100059658
100112212
100050235
100049431
100049437
100049434
100073332
100039096
100080187
100045195
100071247
100071244
100040962
100071241
100120918
100045198
100040968
100041568
100038394
100041562
100079683
100079680
100047973
100091110
100057954
100057951
100093498
100045999
100093492
100045996
100045561
100036507
100000696
100117069
100117066
100117060
100117063
100041691
100101913
100101910
100090378
100101916
100094851
100094854
100093678
100093675
100093672
100060726
100079029
100060723
100102888
100065979
100070041
100075567
100075564
100064035
100037047
100084660
100064038
100080706
100043128
100043125
100043122
100105342
100046758
100065973
100105345
100105348
100090801
100038241
100090804
100090807
100038715
100119301
100043695
100043872
100043875
100043692
100111165
100043878
100111168
100043698
100118437
100097956
100068493
100037779
100059508
100115353
100052479
100052476
100073530
100037773
100089667
100037776
100038718
100066768
100066765
100038712
100069012
100085131
100066762
100115350
100111300
100062862
100035601
100077094
100077097
100044478
100114888
100073653
100065079
100097554
100065070
100114885
100077328
100077898
100077895
100077322
100078840
100077325
100077892
100095955
100052299
100095952
100052293
100052290
100095958
100039504
100066189
100038868
100039507
100072969
100038865
100092451
100092454
100050034
100116658
100050037
100050031
100116307
100104430
100116304
100088221
100088224
100036426
100088227
100119934
100087579
100096570
100055434
100096972
100042261
100103371
100096975
100036606
100096978
100092982
100065076
100040965
100102027
100095697
100102024
100095406
100042264
100075027
100091989
100064587
100064854
100064857
100064851
100098379
100097551
100090585
100072216
100090588
100046968
100046962
100046965
100000756
100043239
100103950
100089067
100103953
100048615
100103956
100071517
100103959
100045054
100045057
100045051
100050292
100050295
100084870
100084873
100117471
100041223
100117477
100117474
100084876
100084879
100074772
100074775
100074778
100089325
100089322
100093801
100059826
100093804
100065679
100060009
100117210
100061359
100074514
100074517
100074511
100037629
100038526
100038520
100058998
100058992
100058995
100047109
100068004
100039651
100068001
100047106
100081795
100081792
100057087
100052296
100053241
100053247
100053244
100088815
100113772
100113775
100088812
100119118
100052590
100047367
100098970
100066372
100081864
100081867
100081861
100066375
100038388
100066378
100093111
100093117
100110793
100110790
100038862
100037122
100097968
100096561
100096564
100096567
100000031
100000030
100077154
100077157
100077151
100042009
100044862
100121479
100121470
100121476
100043482
100043485
100116535
100116820
100104088
100104082
100087744
100083427
100104085
100083424
100080211
100080214
100080217
100051024
100054057
100054054
100054507
100051021
100054051
100035412
100067137
100067134
100091518
100099762
100102708
100044283
100091512
100061980
100091515
100116796
100061983
100104883
100054045
100104880
100104886
100063588
100097611
100119247
100104889
100063585
100063582
100097614
100053337
100054510
100103038
100116655
100103035
100071004
100071007
100112233
100050199
100112230
100120702
100050190
100050196
100049413
100049416
100049419
100085767
100085764
100074628
100089439
100073359
100071265
100045420
100071262
100057990
100114351
100050379
100055029
100050376
100049737
100050373
100050370
100064449
100119931
100064440
100055470
100064446
100094968
100090171
100112941
100093474
100093477
100112497
100112494
100090423
100109572
100049080
100113541
100113010
100084468
100113013
100086013
100084465
100084462
100090426
100090390
100090393
100090396
100090399
100060744
100060747
100060741
100093618
100076851
100076857
100076854
100048429
100048423
100048420
100048426
100043104
100092988
100039822
100046773
100039792
100046776
100046779
100118182
100108117
100092985
100090828
100074181
100074187
100074184
100110895
100114246
100110892
100114249
100053502
100082305
100095403
100082308
100053055
100103008
100118455
100118458
100089682
100089685
100073515
100089688
100038262
100066741
100035979
100038265
100066744
100060618
100075024
100064767
100068745
100068748
100076989
100071859
100065091
100065097
100119586
100036636
100071853
100119589
100071850
100071856
100116499
100116493
100116490
100116496
100078531
100045792
100088023
100088020
100088026
100073185
100088029
100038847
100038844
100038841
100059649
100051903
100071019
100051900
100111324
100111327
100115377
100111321
100092430
100115374
100087558
100091164
100091167
100087552
100087555
100116670
100088245
100088242
100088248
100080688
100080685
100080682
100036195
100036660
100036663
100036669
100102174
100121230
100064878
100121233
100064872
100064875
100043602
100061470
100049878
100098256
100115800
100043350
100046947
100039987
100075915
100075912
100051768
100089043
100039597
100089046
100048636
100059598
100048630
100046668
100059592
100102048
100102045
100095421
100102042
100101898
100084858
100041814
100065655
100065652
100112008
100112005
100093864
100112002
100093861
100060021
100039411
100094488
100067794
100050412
100109182
100058971
100046569
100117450
100041244
100117453
100041241
100046560
100045183
100120903
100093288
100093282
100093285
100053268
100060681
100060684
100060687
100082461
100053262
100082464
100053265
100082467
100113976
100088872
100113979
100037770
100084144
100084147
100117981
100081849
100085818
100114768
100085815
100114765
100114762
100085812
100054255
100093132
100048612
100093135
100093138
100046389
100060975
100060972
100053199
100053196
100046380
100046383
100105735
100105732
100053193
100053190
100082791
100061089
100048618
100068025
100068022
100038109
100121674
100121677
100038106
100043710
100043713
100043716
100051387
100063786
100043761
100118848
100043947
100070539
100044844
100044847
100044841
100052026
100053907
100052023
100121491
100121494
100121497
100051225
100051222
100048387
100056259
100048381
100086547
100056253
100086544
100056256
100086541
100065139
100087765
100088491
100046911
100088497
100097908
100104067
100088494
100097905
100065130
100065133
100037452
100087768
100097902
100054075
100080235
100080232
100054072
100046506
100103587
100111462
100103584
100103581
100080238
100099708
100099705
100062304
100062301
100102720
100044220
100061965
100091575
100091572
100052179
100049551
100103050
100103053
100071064
100103059
100071061
100120720
100052173
100120723
100050175
100120726
100120729
100049476
100044154
100052170
100049473
100049470
100049479
100043896
100045402
100045405
100045408
100049713
100091398
100109371
100050310
100109374
100049719
100050319
100064461
100064464
100090153
100090150
100054435
100038379
100072396
100093456
100106608
100093453
100093450
100102981
100085668
100102984
100113553
100093459
100102987
100122667
100066615
100122664
100075615
100095670
100122661
100064146
100070887
100075618
100058563
100084333
100084447
100084336
100056136
100084339
100081561
100062568
100072027
100072024
100072021
100122448
100063567
100122445
100046173
100046170
100046176
100052722
100076872
100059823
100039084
100039087
100057333
100057330
100042876
100042879
100063579
100046716
100118614
100046713
100118611
100046719
100089511
100089514
100085317
100093639
100049707
100112611
100066123
100093630
100093636
100112617
100082635
100082326
100053037
100056004
100082323
100056001
100082320
100066120
100082638
100082329
100046827
100061146
100039654
100085179
100037731
100085176
100074259
100077502
100044439
100077505
100077508
100100041
100044433
100047448
100073617
100037590
100042120
100037593
100047445
100037596
100043839
100043389
100043836
100043833
100088008
100122847
100055200
100088002
100055203
100088005
100052926
100037422
100119700
100038826
100072621
100070050
100038829
100072624
100111870
100111696
100111873
100111690
100111693
100111699
100104298
100116616
100063159
100116613
100063156
100116619
100076671
100121806
100036648
100096249
100072567
100121800
100036642
100048240
100096246
100096717
100043527
100043524
100096714
100104073
100064890
100064896
100064899
100059412
100046926
100046920
100046923
100046929
100051780
100051783
100051786
100103914
100103911
100035208
100048432
100080712
100035202
100109743
100091728
100056571
100091722
100091725
100090459
100042429
100090453
100090456
100039657
100043233
100071541
100071544
100071547
100093846
100055197
100106290
100106293
100093849
100106296
100073053
100074082
100074085
100040881
100074088
100085785
100042426
100085782
100045363
100045360
100085788
100050430
100050433
100050436
100050439
100046542
100046545
100084783
100084780
100084786
100047145
100047142
100056574
100038994
100041076
100049293
100122052
100049296
100122055
100053208
100122058
100053205
100053202
100118284
100064797
100064794
100118287
100113730
100113733
100064791
100039477
100037782
100068223
100068220
100069171
100069174
100081537
100081534
100035835
100093156
100093153
100093150
100060954
100060957
100060951
100093159
100105714
100105243
100105717
100105246
100105711
100105249
100041841
100068595
100068592
100068598
100069315
100121122
100121125
100121656
100121128
100121659
100069318
100043737
100043734
100056499
100043731
100050205
100118860
100118863
100051504
100052002
100052005
100052008
100051204
100051207
100051201
100062142
100062148
100049149
100116862
100097923
100104046
100063816
100097920
100063810
100097926
100037479
100104040
100063645
100097929
100039030
100065112
100104049
100092601
100046017
100092604
100092607
100063216
100120522
100062364
100062367
100063648
100061944
100061947
100095877
100091557
100091551
100095871
100104625
100076242
100071733
100071046
100071040
100071043
100043809
100071739
100071049
100050157
100106992
100120744
100050154
100050151
100120741
100049902
100116283
100075600
100049452
100049905
100083976
100083970
100083973
100080259
100112749
100080256
100080250
100080253
100045177
100109359
100045174
100045171
100040410
100106191
100106197
100050844
100109356
100106194
100041805
100091806
100116139
100091809
100063366
100064407
100064404
100064401
100063369
100103077
100103074
100095121
100095124
100095127
100079596
100075636
100075633
100075630
100041619
100098184
100079599
100036774
100094839
100094389
100094386
100094836
100094383
100094380
100094833
100073971
100072042
100046158
100079044
100073503
100046152
100079041
100079734
100046488
100090783
100091659
100060099
100080718
100048465
100048462
100093438
100093435
100040671
100040677
100093432
100041109
100046734
100118674
100118677
100118671
100046731
100038256
100055071
100065961
100089535
100089532
100035967
100085377
100071697
100037665
100093381
100093387
100046698
100093384
100063393
100118491
100118494
100035631
100065328
100073803
100073800
100047280
100074271
100045828
100045822
100045825
100077076
100077073
100044415
100044418
100047469
100042108
100047466
100042105
100047463
100036480
100047460
100049578
100047655
100048885
100053019
100048882
100086319
100086316
100082344
100082347
100053010
100082341
100086313
100086310
100082614
100100488
100083562
100052947
100052944
100088062
100052767
100100485
100083565
100038802
100038805
100051942
100051945
100036405
100036402
100111816
100105057
100067872
100105051
100111819
100093633
100055080
100055086
100071745
100060327
100055089
100076386
100072549
100069432
100069435
100076380
100069438
100121353
100121350
100121356
100063555
100107904
100096267
100107901
100096264
100043509
100082965
100108018
100085689
100076038
100051411
100054132
100054135
100051414
100089889
100089880
100046908
100059439
100059436
100059433
100046905
100059430
100036489
100108474
100090294
100090297
100090291
100065922
100080064
100071388
100048675
100065925
100059550
100071382
100065928
100059553
100071385
100040086
100040083
100067695
100042957
100060132
100039195
100090477
100107760
100035328
100040884
100067206
100067200
100067203
100079926
100079923
100079929
100077883
100045342
100045345
100045348
100049107
100084813
100084762
100084765
100117147
100117144
100108810
100084768
100084819
100108816
100081732
100081735
100081087
100081738
100081084
100081081
100063741
100053226
100053220
100053223
100053229
100084105
100068202
100084102
100066642
100066315
100038493
100038496
100066645
100093174
100038499
100093177
100066318
100093171
100060426
100060429
100046020
100053676
100041829
100038145
100038142
100043758
100043755
100043752
100056472
100053481
100093360
100053958
100118800
100051930
100089700
100089703
100037674
100089706
100089709
100115458
100051885
100051882
100093654
100086055
100051888
100115455
100087747
100067998
100039993
100051939
100087909
100104025
100087906
100052686
100087900
100052680
100052683
100087903
100065175
100065172
100069333
100069330
100065178
100092625
100092622
100062343
100067197
100062340
100092628
100095817
100044991
100044997
100044994
100097677
100097674
100053304
100120768
100120765
100085758
100120762
100055749
100049923
100049926
100087672
100049929
100055746
100080271
100080277
100080274
100051087
100051081
100106170
100106173
100050685
100106176
100106179
100050688
100091824
100091827
100063438
100063348
100063432
100063435
100107595
100107592
100071712
100107598
100071715
100119037
100102324
100094959
100095109
100102327
100095106
100084378
100084375
100084372
100061989
100089148
100038139
100051621
100051627
100051624
100089145
100055941
100048192
100040476
100061986
100048198
100079710
100079713
100038931
100079716
100046137
100046134
100046131
100068943
100068946
100090081
100090084
100048444
100048447
100065772
100099309
100093411
100040692
100093417
100112926
100112437
100093414
100112929
100099306
100099903
100041121
100113382
100099900
100039840
100118128
100039843
100084597
100039846
100110877
100110874
100050442
100110871
100085359
100114558
100096969
100120885
100067437
100112656
100062136
100120882
100120888
100064599
100047193
100039156
100064770
100091773
100065349
100065346
100064773
100091992
100045807
100038799
100045804
100045801
100079341
100049317
100042165
100119292
100047406
100064596
100047403
100042690
100119298
100119529
100047409
100060858
100060852
100060855
100115605
100115602
100045789
100115608
100052740
100035754
100055530
100088047
100052746
100052749
100058329
100110655
100050193
100066102
100066105
100121596
100121593
100037686
100036939
100036429
100092103
100067854
100067857
100037338
100060330
100043566
100037680
100048204
100036684
100043563
100050784
100048201
100082947
100070740
100048582
100059181
100079746
100116439
100078594
100078597
100044694
100044697
100116436
100044691
100116433
100072294
100111528
100072297
100080592
100072291
100054111
100115860
100080598
100111525
100062751
100062754
100062757
100051384
100091101
100073872
100090273
100090270
100080739
100090276
100065901
100080046
100090279
100065904
100065907
100053034
100071364
100071367
100077907
100077904
100049554
100077901
100054714
100090417
100090414
100046659
100067227
100046308
100048588
100079944
100079947
100079941
100057879
100043824
100045639
100045630
100045633
100045636
100049128
100045327
100045324
100045321
100109473
100049125
100117162
100046419
100084747
100094758
100108879
100108876
100108873
100108870
100094752
100081714
100081711
100106431
100106434
100106437
100064752
100070107
100076998
100075462
100113265
100114102
100076992
100117294
100113268
100076995
100074592
100093192
100060999
100035877
100051306
100035871
100093195
100093198
100060993
100048600
100060996
100051300
100046785
100041808
100046671
100105207
100105204
100064284
100046674
100046677
100105201
100068088
100068085
100117636
100114120
100055317
100055314
100043959
100053970
100086292
100053973
100043953
100118359
100118350
100118356
100052518
100053919
100052512
100065484
100065487
100085659
100065481
100059325
100037650
100066660
100085653
100085650
100066663
100085656
100066666
100089769
100115470
100082008
100115473
100056238
100111732
100086079
100082002
100056235
100053601
100056982
100053607
100056232
100111738
100042972
100108204
100108207
100108201
100104550
100102033
100039588
100100077
100065151
100065157
100044307
100065154
100038166
100038160
100038163
100117447
100077733
100077736
100061905
100088389
100084861
100061902
100088383
100055182
100088380
100061908
100088386
100055185
100112944
100097692
100097695
100084864
100097698
100103446
100050112
100050115
100120789
100087651
100049944
100087654
100049941
100055767
100055764
100055761
100037638
100052167
100103521
100036216
100092310
100080928
100091668
100043569
100116178
100102696
100091662
100091665
100076176
100090645
100071778
100071775
100071772
100070821
100070824
100070827
100085893
100068421
100051600
100051603
100113544
100051606
100051609
100063516
100040458
100063510
100079776
100079773
100079770
100053622
100079779
100086016
100040659
100053625
100065715
100105954
100065718
100106842
100099321
100041145
100039798
100108198
100039828
100108195
100039795
100039825
100052737
100041148
100108192
100041616
100074106
100110814
100110817
100074109
100110811
100094569
100067419
100045798
100045795
100093696
100093690
100093693
100122970
100061476
100068433
100061473
100073590
100061479
100073596
100073848
100049374
100119508
100119502
100063996
100042147
100119505
100047424
100055773
100060879
100115665
100060873
100043893
100060870
100064149
100113103
100113100
100064143
100064140
100097863
100097860
100052725
100097866
100119769
100098784
100052728
100121572
100066126
100103803
100121575
100072642
100066438
100066129
100091050
100046056
100105018
100075132
100105012
100105015
100036918
100078021
100077037
100078759
100037353
100037350
100053394
100072504
100121317
100072507
100043548
100043545
100043230
100048951
100043236
100048957
100043542
100099522
100099525
100055518
100052239
100052230
100083031
100055512
100088713
100083034
100055515
100052236
100083037
100051456
100051450
100051453
100059478
100059472
100059475
100062382
100062736
100041238
100062733
100077697
100077694
100077691
100069489
100091473
100100998
100104760
100090786
100054390
100103758
100080715
100090780
100103752
100065967
100065964
100103755
100059514
100071694
100092874
100058059
100071691
100059511
100092871
100102591
100102597
100044019
100102594
100044016
100049575
100049572
100044010
100071523
100058056
100071520
100112086
100112080
100112083
100112089
100090252
100090255
100045657
100045654
100045651
100109104
100109107
100109458
100049146
100049143
100049140
100041793
100041790
100075192
100041796
100098202
100041799
100098205
100108855
100108852
100094956
100094953
100090432
100093201
100093207
100093204
100064779
100070128
100075444
100070125
100075447
100075441
100106458
100076971
100076974
100076977
100041040
100048768
100055569
100048762
100048765
100105225
100046305
100118599
100105222
100046656
100105228
100088767
100046650
100050211
100090921
100114450
100047652
100052242
100047658
100115272
100115275
100053916
100053913
100053910
100117810
100118371
100113826
100113823
100039585
100052533
100052530
100089748
100052536
100037635
100052539
100074313
100037986
100037632
100085671
100085896
100085890
100066609
100066606
100067602
100085899
100067950
100062121
100105951
100062127
100105957
100105486
100053628
100105489
100068601
100068604
100113763
100037182
100100056
100100053
100100059
100117990
100121143
100121140
100121146
100064977
100062385
100063654
100078924
100078921
100088362
100088365
100088368
100052395
100052392
100038988
100038982
100053058
100038985
100051843
100051840
100051846
100046362
100051849
100054069
100049968
100049965
100049962
100053052
100087636
100122850
100088506
100055701
100087633
100087630
100088509
100087639
100080946
100092661
100036765
100092664
100036768
100107889
100116193
100116190
100116196
100093129
100063381
100116199
100063384
100063387
100063477
100098436
100098430
100098433
100107088
100107085
100107082
100036762
100071757
100094602
100060552
100075834
100075831
100070800
100070809
100094899
100094896
100094893
100094890
100115596
100085569
100050829
100050394
100050397
100063006
100102105
100080097
100053181
100037287
100065739
100080094
100065733
100091860
100065730
100065736
100096819
100112470
100045648
100039015
100106863
100092841
100106860
100039804
100065958
100039801
100039774
100074121
100074124
100074127
100035112
100120846
100120849
100050532
100063474
100049686
100079758
100049680
100122997
100079755
100049689
100079752
100047229
100073869
100035625
100073866
100063471
100073860
100047220
100047223
100045519
100045849
100045843
100045510
100045513
100045840
100045846
100045516
100117648
100118164
100118167
100118161
100117315
100046791
100114849
100110349
100085284
100114840
100093018
100093015
100093012
100000219
100054063
100000213
100060159
100064122
100068454
100068457
100046500
100038649
100110166
100119787
100119784
100061206
100066144
100066411
100110169
100038646
100121083
100121080
100051936
100055386
100121089
100000372
100118788
100036840
100078006
100078003
100078000
100078009
100054906
100121338
100069495
100121887
100069498
100121332
100121881
100096792
100048972
100082908
100048975
100096795
100048978
100082902
100082905
100065094
100097848
100087021
100083508
100052704
100083505
100097842
100083055
100083052
100097845
100088770
100052251
100036399
100080553
100080550
100080556
100070806
100089829
100080889
100080559
100070803
100073785
100104745
100104214
100073782
100104748
100073788
100107436
100092508
100065940
100092859
100123015
100065943
100092856
100123018
100092850
100107439
100092853
100077418
100035280
100040785
100066618
100077943
100120066
100077940
100120063
100120060
100088191
100088197
100088194
100052659
100040794
100040797
100040791
100080361
100051990
100050706
100050709
100116037
100117708
100040134
100063042
100080364
100080367
100090231
100112863
100112860
100112866
100045672
100049164
100122766
100049161
100041622
100122769
100084702
100117126
100084252
100117120
100084705
100117123
100101874
100084708
100117129
100106476
100106470
100106473
100075312
100064719
100064716
100064713
100064710
100039342
100073188
100076953
100039345
100066975
100066972
100053826
100048747
100048744
100048741
100046635
100046632
100046638
100050391
100061689
100050826
100093228
100114474
100085077
100114471
100093222
100093225
100059934
100056142
100086256
100038040
100082593
100086253
100053931
100082596
100056145
100082599
100056148
100113805
100117876
100118317
100118314
100117873
100117870
100037611
100073416
100037965
100074370
100037614
100037968
100073419
100061686
100066624
100038433
100038430
100066627
100038436
100066621
100052638
100038439
100067620
100043992
100078495
100078492
100068667
100068664
100052635
100104511
100042537
100036993
100069390
100069393
100051909
100089415
100036990
100043914
100077775
100077778
100065595
100073062
100119040
100119043
100066081
100066084
100066087
100045255
100036567
100111774
100105972
100105975
100116202
100041784
100055728
100116205
100064950
100088521
100088527
100063675
100088524
100038037
100069531
100069534
100096309
100080961
100118395
100118392
100103566
100103563
100109956
100105609
100070446
100105600
100105606
100063909
100086436
100063903
100063900
100063906
100053172
100076425
100059157
100076428
100051393
100051390
100115923
100086430
100115926
100040674
100059883
100037788
100051648
100103380
100103383
100054456
100089121
100080340
100067029
100067020
100067023
100035544
100035547
100067026
100102168
100102165
100108954
100108957
100052866
100067362
100112323
100112326
100067368
100099360
100099366
100106806
100070869
100117057
100070866
100106809
100036192
100037071
100053526
100047184
100120867
100120864
100120861
100050517
100050514
100050511
100046653
100046407
100046404
100036198
100046401
100073881
100073887
100073884
100047208
100064704
100045537
100045534
100045531
100075768
100064701
100075762
100075765
100117663
100039759
100118140
100055932
100117666
100041184
100039750
100039753
100055938
100110367
100042186
100119547
100042183
100064350
100042180
100038085
100093075
100060348
100072933
100072936
100060342
100060345
100093078
100053091
100053097
100053094
100041982
100041985
100066963
100113145
100068478
100038883
100038880
100038886
100038667
100069708
100038664
100038661
100036951
100036957
100036954
100053892
100043059
100062889
100050181
100089469
100049851
100049683
100120618
100043584
100043587
100043275
100043272
100056607
100056358
100056355
100048918
100099561
100108384
100108381
100088755
100110148
100097794
100097827
100097824
100097797
100088758
100083079
100110145
100097821
100089805
100111549
100111546
100036789
100111543
100062265
100062268
100046989
100091437
100091434
100036783
100104727
100096471
100071907
100092523
100049539
100044058
100053529
100044721
100077433
100049536
100044727
100077430
100058290
100052857
100051984
100040806
100040800
100040803
100050721
100046647
100050724
100040809
100050727
100058746
100063024
100063027
100063021
100058743
100058740
100107454
100107457
100043668
100040116
100040113
100040110
100102447
100040119
100052374
100048987
100084276
100084273
100084270
100094911
100094917
100084279
100049368
100050364
100050835
100079659
100060645
100044310
100060642
100050367
100060648
100064734
100064737
100076938
100091380
100076935
100084180
100057987
100076932
100112848
100048726
100048720
100048723
100112842
100048729
100041649
100041640
100046347
100046341
100041646
100118086
100084984
100084987
100084981
100118083
100118080
100046797
100048633
100046794
100118089
100037800
100059910
100059913
100059916
100093249
100093246
100059919
100093243
100093240
100118338
100046014
100118887
100118884
100117501
100118881
100056502
100074358
100048639
100046821
100074421
100089781
100089784
100074424
100074355
100089787
100055320
100065466
100065463
100043920
100065460
100046824
100065469
100085281
100056505
100063684
100061779
100061776
100104532
100119688
100066432
100085287
100104535
100106017
100047562
100037494
100037497
100037491
100047565
100101118
100082209
100082200
100053403
100082206
100078216
100078219
100036540
100051807
100051804
100036543
100072747
100036546
100051801
100111930
100111933
100053664
100092025
100053667
100053661
100037239
100058191
100058197
100064938
100058194
100052137
100037230
100064935
100064932
100052131
100037236
100052527
100037998
100096369
100043647
100043644
100043641
100105624
100076449
100076110
100076443
100037620
100054294
100072357
100054297
100072351
100054291
100056838
100102780
100056832
100053421
100116229
100116220
100084453
100038427
100080325
100051111
100103812
100103815
100080322
100103818
100092952
100080328
100047319
100063507
100035565
100035562
100062520
100109620
100109623
100086007
100090552
100071469
100059748
100059745
100062130
100067344
100067347
100106398
100106821
100062133
100106827
100106824
100070842
100079536
100079821
100070845
100038640
100070848
100079539
100094275
100066417
100094278
100045732
100045735
100045738
100049641
100050574
100050577
100050571
100109086
100109089
100044280
100046425
100046422
100047826
100046428
100081498
100047772
100081495
100081492
100048324
100093585
100060588
100093582
100060582
100093588
100060585
100102855
100102852
100055914
100064692
100055917
100113304
100055911
100064695
100113307
100039738
100066831
100094581
100039735
100094584
100066834
100066837
100094587
100093720
100093051
100093057
100093054
100122268
100060369
100122262
100060363
100122265
100060360
100046281
100046284
100046287
100113160
100061185
100061182
100061188
100046164
100121512
100053871
100053874
100000336
100066693
100108021
100114339
100110304
100110307
100110301
100089442
100048288
100048285
100048282
100043251
100056625
100039090
100056622
100059520
100056628
100108363
100108360
100108366
100108369
100069729
100097800
100097803
100069720
100069723
100069726
100086778
100092727
100086775
100047226
100086772
100120645
100062202
100077187
100049881
100077184
100049887
100077181
100064683
100073740
100073743
100073746
100073749
100121335
100091776
100121884
100071676
100071673
100071670
100120027
100087798
100044709
100044706
100052836
100046566
100095874
100083181
100052839
100103158
100080517
100080514
100054666
100103155
100080511
100050748
100063186
100050961
100050964
100063558
100116076
100056370
100104871
100087423
100104877
100104874
100087420
100076584
100076587
100090762
100103734
100092892
100103737
100103731
100095049
100109167
100102468
100102465
100095046
100102462
100075177
100070986
100070983
100070980
100084210
100084213
100070989
100050910
100090498
100090495
100090492
100072162
100072168
100045021
100041088
100122091
100079677
100041082
100079674
100079671
100057210
100068808
100057216
100068805
100068802
100045024
100065898
100048708
100036570
100065892
100048702
100048705
100065895
100059682
100059685
100059688
100112824
100040137
100040131
100058884
100058887
100046365
100118539
100041667
100046368
100041661
100073983
100090945
100049623
100052707
100081069
100037827
100081066
100081060
100081063
100052701
100093264
100093267
100083502
100112176
100060111
100049626
100117522
100117525
100122076
100061572
100037929
100051477
100037926
100037923
100067668
100036150
100050268
100061791
100068112
100068115
100061797
100068118
100042060
100047541
100047544
100047547
100081681
100117984
100081687
100112728
100119277
100115743
100115740
100064944
100115746
100082266
100063663
100115749
100115218
100082263
100082260
100088650
100088653
100055455
100088656
100052482
100119004
100053511
100098823
100098820
100082644
100072762
100111918
100056742
100036528
100111912
100036525
100051828
100111915
100053682
100105936
100105393
100063669
100067935
100105933
100067938
100105939
100064314
100064914
100063636
100064917
100063630
100100617
100063633
100063639
100081846
100107868
100066228
100121254
100121251
100078234
100078237
100078231
100105648
100103515
100111669
100051351
100072378
100065499
100059373
100059376
100059379
100094614
100080658
100053463
100080301
100080652
100080655
100080304
100103836
100103833
100092979
100092976
100092973
100103839
100092970
100102618
100062544
100062547
100099012
100099015
100053460
100099018
100050886
100102615
100050883
100118119
100063498
100038307
100066147
100061893
100061899
100082632
100123012
100071112
100067329
100112365
100071118
100046386
100067323
100067320
100079809
100103992
100079803
100066141
100115494
100035985
100050229
100035175
100050559
100067497
100045711
100039672
100050553
100050220
100050223
100071322
100050556
100067893
100050226
100049665
100070443
100049668
100047841
100039207
100108912
100060561
100102879
100060567
100095700
100095703
100102870
100102873
100064671
100077412
100064677
100077415
100084021
100038100
100115938
100072975
100093705
100093702
100072972
100122280
100122283
100122286
100122289
100113187
100049518
100043719
100113988
100053853
100053850
100117951
100117954
100113985
100108009
100085779
100046221
100085959
100073620
100085770
100085773
100085956
100085953
100085776
100053148
100115002
100115005
100111057
100111054
100115008
100082743
100059166
100053145
100059163
100082746
100036879
100108342
100037020
100121758
100097287
100097284
100046593
100097281
100038622
100038625
100086793
100086790
100046224
100035778
100120627
100035775
100035772
100062955
100049860
100049863
100049866
100049869
100119499
100097134
100119493
100119490
100097137
100119496
100071940
100077478
100082479
100055668
100063798
100044760
100044763
100063792
100088461
100044769
100063795
100052020
100080535
100080820
100080826
100080532
100092700
100103137
100096081
100080829
100080538
100103131
100050940
100050766
100050943
100050760
100102264
100102267
100050763
100050949
100050769
100087444
100087447
100087441
100104856
100063576
100063573
100051651
100063570
100051228
100090708
100036081
100072495
100072492
100036084
100092565
100092562
100122871
100122877
100122874
100042900
100098283
100098280
100041220
100048099
100051549
100072144
100051546
100072147
100051543
100072141
100041631
100048384
100040737
100040734
100040731
100106728
100099228
100087099
100117723
100117720
100117726
100117096
100074640
100074643
100074646
100074649
100060549
100060177
100060174
100060171
100068352
100117543
100117540
100074466
100065427
100074460
100074463
100065424
100074469
100045960
100067680
100067683
100045963
100045966
100067686
100067689
100093342
100087762
100042006
100064785
100119643
100042003
100042000
100037101
100065589
100060798
100115761
100115764
100060795
100113649
100053445
100056121
100053442
100113643
100065136
100117894
100113646
100052317
100052314
100052311
100116661
100119022
100119025
100069084
100069087
100069081
100093471
100049485
100036504
100072705
100115497
100086097
100072708
100115491
100068688
100064335
100038007
100068682
100068685
100055077
100066246
100066243
100066240
100113679
100084255
100043353
100055074
100068307
100043605
100066249
100056787
100076662
100084258
100049482
100077289
100080499
100037797
100080493
100051372
100080490
100080496
100062307
100089985
100089982
100115941
100089988
100098871
100059316
100046803
100046800
100046806
100059313
100046809
100059319
100087858
100087852
100088584
100088587
100116919
100088581
100052176
100087855
100054438
100080679
100036189
100080676
100080673
100080670
100092916
100092910
100092913
100062562
100092919
100062565
100067044
100044379
100077865
100108663
100044370
100108660
100108666
100036681
100104136
100104133
100104130
100071139
100071130
100071136
100067305
100116142
100067302
100067308
100064368
100049608
100050208
100095490
100095493
100050202
100095496
100063219
100064533
100064530
100064536
100090048
100064362
100101409
100045597
100093549
100093891
100075258
100102891
100102897
100102894
100109227
100075255
100079287
100095721
100117399
100064659
100066876
100066873
100093096
100093093
100093090
100060894
100060321
100060891
100093768
100093099
100060324
100086952
100064863
100039198
100120855
100039192
100081459
100050172
100050520
100081456
100082188
100053838
100053835
100082182
100053781
100082185
100118701
100046023
100118704
100046026
100050178
100046029
100117993
100044508
100039996
100089409
100074079
100069216
100039990
100074073
100074070
100074076
100089406
100065106
100044505
100085977
100085974
100081987
100081984
100081981
100115026
100115023
100053169
100115020
100082767
100053166
100082764
100053163
100115029
100053160
100061059
100043401
100061053
100061050
100044502
100061056
100052785
100052782
100047196
100037044
100052788
100065211
100047190
100121008
100121005
100121002
100120351
100035757
100098943
100049845
100049842
100108492
100048849
100073704
100073707
100073701
100047313
100049848
100047316
100077490
100044748
100049599
100077496
100077499
100044742
100049596
100044745
100063771
100063774
100063777
100036825
100103116
100111258
100103113
100111255
100103449
100103119
100050925
100050922
100091236
100091239
100050928
100104835
100119826
100063513
100119829
100063519
100104838
100045504
100075135
100070941
100070947
100070944
100041361
100087114
100075138
100089601
100053934
100048072
100048075
100111012
100089604
100049710
100040710
100040245
100040248
100049716
100065028
100054750
100054753
100048621
100051327
100112758
100067599
100052083
100112752
100051324
100122859
100106968
100081750
100112281
100102423
100122853
100102426
100122856
100101211
100094608
100085074
100094350
100094605
100058215
100089235
100089232
100037866
100089238
100067512
100071109
100063918
100120987
100060156
100060150
100118170
100060153
100050169
100122583
100119553
100039525
100039036
100061203
100039522
100039033
100056415
100042240
100074910
100073497
100042243
100053937
100085698
100115782
100085695
100085692
100072399
100060564
100053424
100053397
100118068
100041628
100113082
100118062
100085290
100041625
100110289
100110286
100042021
100110283
100093378
100093375
100053319
100043995
100053310
100053313
100053316
100084618
100118398
100084612
100084615
100037785
100114039
100110067
100114036
100038922
100038925
100100662
100105462
100064356
100078147
100078144
100068151
100121218
100121212
100040782
100115656
100121215
100064308
100037962
100048858
100036786
100037617
100048855
100048852
100036780
100073410
100113568
100118938
100000123
100000120
100118932
100075612
100055419
100083178
100083175
100088614
100052377
100083172
100080472
100080475
100080478
100058569
100041994
100058566
100116094
100086619
100059334
100086616
100086613
100059331
100086610
100102771
100064137
100116931
100116934
100064134
100116937
100087870
100087873
100087690
100037254
100107352
100080616
100080610
100080613
100107355
100080619
100092244
100092247
100092934
100062580
100062583
100062586
100062589
100052998
100044352
100077802
100044355
100052992
100052995
100104157
100063981
100063987
100063984
100107175
100107178
100050040
100050043
100050046
100050049
100106884
100079845
100075891
100063189
100079842
100079848
100058062
100038652
100045753
100045756
100045027
100045759
100042141
100050265
100043419
100050592
100050262
100091914
100075090
100091911
100050598
100063231
100063234
100047886
100043413
100072264
100093567
100093564
100060528
100093561
100060525
100000723
100064635
100122139
100064632
100066858
100066852
100039204
100066855
100039201
100048687
100048684
100046590
100079155
100046227
100046596
100046599
100037428
100079158
100042144
100042906
100048534
100048537
100081435
100053760
100053763
100062898
100078015
100046047
100118725
100118236
100118230
100118233
100046041
100101022
100118239
100118728
100046179
100074055
100074058
100065586
100065583
100038001
100085731
100038004
100093747
100093744
100062004
100053106
100062001
100053103
100053109
100061071
100068526
100068520
100068523
100068529
100039081
100037074
100097710
100037062
100097245
100037068
100102336
100037425
100121026
100121023
100121029
100062916
100078600
100062913
100078357
100049824
100049827
100078354
100043506
100078351
100062919
100110499
100073722
100073725
100110490
100110493
100073728
100051501
100110496
100114933
100114930
100048996
100115044
100115047
100111015
100115041
100048993
100086427
100058218
100046578
100055332
100116892
100110727
100121680
100046575
100080868
100103461
100080865
100080862
100103467
100096045
100096042
100105141
100096048
100087480
100087483
100100848
100116091
100043590
100116769
100100845
100065121
100056361
100103797
100103794
100043416
100096789
100070635
100080289
100051051
100080283
100080280
100072183
100080286
100051054
100051057
100076749
100040260
100102228
100095241
100050907
100095244
100050901
100095247
